[117.567428797000048, -0.606143657999951],
[117.626998299000093, -0.572102708999978],
[117.633839249000061, -0.566748921999931],
[117.640085334000105, -0.561395134999941],
[117.643951958000116, -0.553364453999961],
[117.642167362000009, -0.545928637999964],
[117.639787901000091, -0.538790254999981],
[117.636218710000094, -0.531651871999941],
[117.633839249000061, -0.525703219999968],
[117.630270057000075, -0.519754566999950],
[117.627593164000018, -0.513805914999978],
[117.624916270000085, -0.507857261999959],
[117.621347079000088, -0.503098339999951],
[117.615100994000045, -0.500718878999976],
[117.607367745000033, -0.498934283999972],
[117.597552469000107, -0.498934283999972],
[117.590790102000028, -0.499426514999925],